17
* 
17
*
1
*
00-1-0
#
01-1-1
#
02-:1-2
#
03-1-3
#
04-1-4
#
05-1-5
#
06-1-6
#
07-1-7
#
08-1-8
#
09-1-9
#
10-1-10
#
11-1-11
#
12-1-12
#
13-1-13
#
14-1-15
#
15-1-16
#
16-1-17
#
17-1-19
#
18-1-21
#
19-1-22
#
20-1-23
#
21-1-25
#
22-1-26
#
23-1-27
#
24-1-28
#
25-1-29
#
26-1-31
#
27-1-33
#
28-1-35
#
29-1-37
#
30-1-38
#
31-1-39
#
32-1-41
#
33-1-42
#
34-1-43
#
35-1-47
#
36-1-48
#
37-1-49
#
38-1-51
#
39-1-52
#
40-1-53
#
41-1-57
#
42-1-59
#
43-1-61
#
44-1-62
#
45-1-63
#
46-1-65
#
47-1-66
#
48-1-67
#
49-1-69
#
50-1-71
#
51-1-72
#
52-1-73
#
53-1-81
#
54-1-82
#
55-1-83
#
56-1-85
#
57-1-86
#
58-1-87
*
00000000000000000
11001111111111111
11111111111011111
11111111111011111
01111000111000000
00000000000000000
10000000010000000
11110001110001111
11111111110001111
11111111110001111
11111111110001111
11111111110001111
11111111110000000
00000000000000000
00000000000000000
00000000000000000
00000000000000000
*
00 00 00 00 00 00 00 00 32 33 34 25 25 25 25 25 25
02 01 00 00 03 02 02 02 38 39 40 31 31 31 31 31 31
12 11 02 02 13 12 12 12 43 44 45 37 24 37 29 37 09
10 18 12 12 20 19 19 19 50 51 52 42 30 42 42 42 17
00 26 19 19 27 00 00 00 53 54 55 00 00 00 00 00 00
00 00 00 00 00 00 00 00 00 00 06 00 06 00 00 00 00
05 00 00 00 00 00 00 00 00 07 21 22 23 15 15 15 15
14 15 15 05 00 00 00 07 15 16 46 47 48 49 49 49 49
49 49 49 14 15 15 15 16 49 49 46 47 48 49 49 49 49
49 49 49 49 49 49 49 49 49 49 46 47 48 49 49 49 49
49 49 49 49 49 49 49 49 49 49 46 47 48 49 49 49 49
49 49 49 49 49 49 49 49 49 04 46 47 48 04 04 04 04
04 04 04 04 04 04 04 04 08 00 28 00 28 00 00 00 00
00 00 00 00 00 00 00 00 00 00 00 00 00 00 00 00 00
00 00 00 00 00 00 00 00 00 00 00 00 00 00 00 00 00
00 00 00 00 00 00 00 00 00 00 00 00 00 00 00 00 00
00 00 00 00 00 00 00 00 00 00 00 00 00 00 00 00 00